é–âÔìIäOåê´,äàìÆê´,ã§ä¥ê´,êiéÊê´,éùãvê´,ãKó•ê´,ãïç\ê´,é©å»äJé¶ê´,çUåÇê´,îÒã¶í≤ê´,óÚìôä¥,ê_åoéø,ó}üTê´
19, 18, 14, 14,  8, 18, 10, 16,  4,  2,  7, 16,  6
 8, 12,  8, 20, 14, 16,  6, 14, 12,  6,  6, 12,  4
10, 16,  7, 11,  7,  8,  5,  7,  8,  9,  2,  6,  3
 7,  8, 10,  4, 18,  8,  4,  3,  3,  6,  3,  3,  0
 8,  2,  8, 14,  4, 10,  8,  4, 12,  6, 14, 14, 17
15, 12, 17, 19, 15,  8,  0, 12,  8,  7, 16,  9, 10
14, 14, 20, 20, 20, 20, 10,  6,  0,  0,  8,  8,  2
 8,  6, 18,  6,  0,  6,  0, 12, 12,  8, 18, 18, 14
10,  8, 14, 18, 14, 20,  2, 16, 20,  6,  6, 20, 16
 2,  7,  5, 11,  6,  6,  9,  3, 10,  5,  5,  8,  7
 4,  4, 10, 10,  4,  2,  6, 14,  3, 14, 19, 15, 20
11, 10, 18, 19, 10,  3,  3, 11,  6,  3,  8,  9, 10
16,  9, 14,  9,  2,  0,  4,  9,  5,  7,  9,  5,  4
 2,  2,  6, 12,  2,  2,  0,  8,  8, 14, 18, 14, 18
18, 19, 12, 18, 18, 15,  2,  2,  7, 12,  0, 12,  5
 4,  4,  8, 10,  2,  8,  2, 12, 12, 14, 14, 14, 16
 6,  4,  2, 10, 10,  0,  2,  6, 14, 18,  8,  0,  4
 6, 12, 20,  9, 18, 20,  4,  9,  2,  2,  8,  8,  1
 9,  2, 14,  6,  3,  4, 13,  2,  1,  0,  3, 10,  4
12,  3,  6,  2,  1,  0,  2,  2,  3,  3,  4,  2,  4
14, 14, 19, 12, 20, 16, 17,  3,  0,  0,  7,  4,  1
 7,  9, 14, 12, 15,  8, 12,  2,  0,  0,  4,  4,  4
 4,  8, 16, 10,  8,  2,  4,  8, 10,  4,  6,  8,  2
 5,  7, 16, 18, 11,  4,  7,  2,  9,  1,  7, 11,  3
11,  8, 13, 10, 15, 11,  7,  8, 10, 13, 11, 16, 14
12,  9, 14,  2,  0,  8,  4,  4,  7,  8, 14,  6,  0
12,  8, 16, 16, 14, 14,  2, 14,  6, 10, 14, 20, 10
10, 10, 15, 18, 18, 14,  3, 12, 12,  2,  5, 12, 14
 4,  1,  6, 11,  9,  2,  4,  5,  3,  4, 10, 10,  7
10, 10, 12, 15, 13, 16,  6,  5, 14,  9, 11, 16, 12
13, 15, 18,  8,  6,  2,  4,  6,  8,  2, 12, 16,  8
 8,  6,  7,  5,  8, 12,  3,  5, 12, 13, 11, 13, 16
 4,  8, 16, 18,  9, 12,  6, 10, 10,  4, 10, 18, 10
20, 18, 14, 12, 18, 16, 12, 12,  4,  6,  4,  0,  4
15, 15, 11, 15, 13,  9,  8,  6,  6,  4,  1,  2,  3
13, 18, 12, 18, 11, 10,  3, 13,  9,  6,  7, 12,  6
 4,  1, 10,  9,  4,  2,  0,  7, 11, 10, 10,  1,  6
 4, 10,  3, 11,  8,  1,  7, 12,  5, 13,  8,  7, 11
12, 11, 13, 15,  5,  7,  1, 14, 11,  4, 12, 20, 16
14,  7, 10, 17, 12,  0,  8, 13,  0, 12,  6,  5, 16
14, 12, 14, 18, 14,  2,  6, 12,  2,  2, 10, 14, 10
 0,  4,  8, 10,  2,  4,  2,  6,  4,  4, 14,  6, 12
12, 13, 17, 19, 17, 18,  6, 11,  0,  5,  4, 15,  9
10,  8, 13, 11, 15, 15,  3,  7,  3,  2,  6, 11,  0
 8, 12, 10, 15, 10,  4, 11, 11,  4,  1,  5, 12, 12
18, 17,  2, 20,  5,  3,  2, 16, 15, 12,  0,  0,  2
10,  4,  7, 10,  4,  3,  2,  2, 14, 10, 10,  7,  5
17, 13, 15, 20, 12,  8,  9,  8,  3,  3,  5,  5,  9
18, 10,  8, 14, 12,  6,  0, 14,  8,  4,  6,  4,  6
20,  5, 12, 16,  4,  6,  2,  6, 10, 12, 12, 14,  8
10, 14, 20, 14, 19, 15, 10,  9,  0,  0,  0, 15, 13
 9, 12, 12, 14,  7, 11,  4, 10, 10,  0,  1, 15,  6
10, 18, 12, 20, 18, 18,  8, 16, 16, 11, 16, 14, 18
16, 14, 10, 20,  3,  4,  3, 20, 17,  8,  3,  4, 11
11, 17, 11,  9, 14,  8,  0, 12, 11, 12,  3, 14,  3
15, 15, 17,  7, 12, 18,  2, 13,  6,  0,  2,  6,  4
16, 18, 14, 20, 12,  8,  4, 14,  8,  2,  0,  6,  2
 4,  7,  7, 14,  1,  3,  2,  9, 17, 10, 12, 18, 16
10, 10,  6, 16, 13, 11,  0, 12, 16, 14,  3,  3,  7
12, 11, 16, 14, 16,  9,  3,  9,  9,  8,  6,  4,  7
 8, 12,  9,  8,  3,  3,  7,  4,  7,  5,  9,  3,  3
12, 18, 13, 14, 11, 12,  2, 17,  5, 10,  4,  9,  2
 2,  2, 16,  8,  6,  6,  6, 10,  8,  4,  6, 14, 14
18, 14, 18, 18, 19, 14,  4, 20, 10,  2,  2, 16, 10
15, 15, 10, 14, 16, 16,  9, 15, 16, 14, 10, 14, 17
11, 16, 15, 14, 13, 11, 12, 14,  9, 13, 12, 10, 15
 4,  3, 20, 16, 10,  0,  8,  3,  2,  4,  9,  1,  7
 4,  8, 10, 10,  4,  2,  2, 17,  4,  4, 12, 17, 14
18, 10,  8, 12,  8,  2,  2, 12,  4,  2, 10, 20, 10
11, 16,  8, 14,  6, 12,  4,  3, 12,  0,  6, 16,  2
 4, 12, 18, 16,  8, 14,  0,  8, 14, 14, 12, 18, 10
17, 17, 16, 18,  3,  6,  2, 20, 18,  4,  2,  6,  4
15,  9, 12, 16, 17,  8,  4, 18, 11,  5,  8, 17, 11
10, 12,  8,  8, 14, 16, 12, 12, 12, 10,  8, 16, 12
 2, 14,  4, 14, 17, 16,  3, 14, 17, 18,  4, 18, 19
 4,  6,  5, 12, 16, 10,  5,  6,  6, 10, 10, 12,  8
 9,  2,  7,  2, 15,  8,  7,  3,  4,  2, 10, 14,  7
 0,  8,  8, 12, 14,  8,  2,  2,  3,  6, 10, 18, 18
15, 15, 15, 17, 12, 17, 11, 15, 17, 16, 14, 16, 18
 6,  4, 12, 12,  0,  2,  4,  2,  2,  2,  6, 10,  8
 7,  6,  8, 18,  9,  4,  3, 14, 12,  9, 13, 11, 13
 2,  4, 12,  2, 16, 20,  2,  2,  8, 20, 14, 20, 20
 4,  7,  8, 13, 11,  9,  0,  6, 16, 12, 12, 18, 16
 8, 10, 13, 11, 12,  2, 11, 11,  7, 11, 12, 16, 17
 4,  6, 15, 14, 17, 11,  6,  7,  8,  8, 11, 17, 16
10, 10,  6, 16, 10,  0,  6, 10,  4,  6,  6,  0,  2
 4,  6,  8,  8, 12,  8,  0, 14,  6, 10, 16, 10, 16
15, 16, 13, 20, 18, 11,  1, 15, 13,  7,  4,  8, 12
10, 12, 17, 16, 10,  4,  4, 10,  9,  4,  5, 17, 12
 7,  3, 10, 14,  7,  4,  6, 12,  6,  9, 12,  5,  7
15, 11,  5, 14,  8,  0,  0,  8,  4,  2,  6,  8, 10
11, 14, 14, 11, 10, 14,  6,  6,  9,  6,  4, 19,  8
 2,  8,  8, 12, 20, 10,  4,  2, 10,  4,  2, 10,  4
20, 20, 15, 18, 12, 15,  6, 13, 14, 11,  0, 10,  2
16, 18, 10, 20,  6,  4,  4, 10, 12,  6,  0,  0, 10
16,  4,  3, 16,  8, 14,  1, 10, 16,  4, 15, 10,  8
 8, 18, 20, 16, 20, 20, 10, 10,  8,  0,  4,  8, 10
 8, 18, 20, 16, 20, 20, 10, 10,  8,  0,  4,  8, 10
 5,  4, 14,  5, 12,  4,  7,  4,  6,  4, 15, 19, 16
13, 14, 12, 12,  3, 14,  0, 10, 10,  7,  8, 20, 12
16, 12,  6, 10, 16, 16,  4, 12,  6,  2,  6, 14,  4
 2,  2, 10,  2, 14, 12,  0,  8, 10, 10, 14, 18, 18
 9,  8, 18,  8, 18, 10, 17,  5,  3,  5, 10,  9,  8
13, 11, 13, 12,  9, 15,  5, 14, 12,  7,  9, 13, 13
 0,  2, 10, 20,  4,  4,  6, 10, 16,  0,  6, 16,  8
12,  2, 12, 10,  6, 10,  2,  7,  6, 10, 18, 12, 16
 2,  2,  6,  3, 10,  9, 10,  5,  0,  6, 17,  1,  6
18, 14,  6, 15, 12,  8,  5, 11, 13,  9, 12, 15, 16
18,  6, 20, 12,  2,  6,  0,  6,  8,  1,  6, 18, 15
 5, 11, 17,  8, 11, 14,  2, 12,  9,  3, 10, 14, 10
 8,  4,  8,  0,  2,  2,  2,  0,  6, 10, 10,  0,  6
14,  8, 12,  8,  4, 14,  4, 11,  8,  4,  4, 10, 12
 3, 15, 12, 14, 14, 12,  2, 14, 19, 20, 18, 20, 18
18, 17, 17, 20,  3,  6,  7,  7, 14,  3,  5,  6,  7
10,  8, 16, 14, 11,  7,  5, 15, 12,  9, 15, 18, 12
15,  7, 17, 17, 13, 17,  3,  9, 11,  7, 11, 17, 12
 6,  9, 11, 12, 16, 15,  1,  7,  6,  8, 19, 14,  8
 4, 12, 17,  4, 17, 10,  6, 13, 10,  6,  7, 20, 14
 4,  1,  6,  8,  2,  2,  2,  4, 10,  3, 14, 16, 20
11, 11, 18, 12, 14,  8,  4, 12, 10, 12, 15, 20, 17
12, 13, 13, 11, 10, 15,  2,  9, 10,  3,  5,  6,  5
11,  6, 10, 11,  4,  6, 10,  7,  3,  9,  9,  6, 11
 4,  9,  9,  4,  7,  1,  5,  6, 10,  7, 16,  5, 12
18, 15, 15, 17,  8, 10,  2, 14, 16, 10, 19, 16, 17
20, 16, 19, 18, 20, 20,  4,  7, 16,  6,  1, 16,  2
17, 10, 17, 18, 16, 16,  7,  9,  7,  1, 15,  8, 11
10, 10, 17,  6, 16, 11,  4,  4, 15, 12,  5, 16, 20
 1,  3,  7,  8,  5,  0,  8,  1,  6,  3, 20,  8, 16
 8,  2, 11,  3, 17, 15,  6,  4,  8, 10, 14,  9,  6
 5, 10, 20, 18, 16, 14,  6,  8,  2,  0, 12,  6,  2
18, 14,  9, 19, 19, 18,  3, 20, 17,  9,  3,  9,  6
18,  8, 17, 16, 12, 11, 10, 19,  5,  4,  3,  2,  6
18,  6, 16,  2, 10,  6,  4,  6,  2,  8, 16, 12, 14
16, 16, 15, 12, 11, 14,  9,  7,  2,  4,  3,  3, 12
18, 17, 15, 17,  3,  2,  2, 15,  8,  7, 17, 17, 15
20, 17, 12, 14, 12, 18,  2, 18, 18,  6,  8, 12, 12
18, 19, 20, 10, 20, 17, 11, 16,  4,  0,  3, 14,  3
16,  6, 14,  8, 10,  4,  2, 10,  0,  0,  4,  4,  2
 8, 11, 16,  9, 18, 10,  2,  9, 16,  9, 10, 19, 20
 2,  8, 18,  6, 20, 12,  0,  8,  4, 12, 16, 18, 14
20, 16, 18,  4, 14,  4,  2, 10,  2,  0,  2,  6,  2
16, 15, 17,  6,  2, 12,  2,  8,  9,  3, 13, 14,  8
11, 11, 15, 11, 15, 13,  1, 11, 14,  9,  8, 20, 14
10, 10, 12,  8, 14, 16,  9, 12,  4,  3,  9, 12,  3
12,  0, 12,  8,  2, 10,  2,  3,  3,  2, 10,  0,  6
12,  5, 11, 20, 14,  8,  0, 20, 16, 10, 10, 16, 14
 9,  5, 16, 13, 15, 12,  3, 10,  6,  6, 10, 17, 12
 7,  8, 11,  6, 15, 12,  7,  0,  5,  8, 10, 14, 15
12,  8,  7, 12,  6, 11,  0,  8, 13,  5, 12, 16, 14
17, 16, 16, 14, 14, 10,  4,  4, 14,  6, 12,  4, 12
15,  5, 17,  5, 14, 13,  9,  9,  3,  7, 14, 13, 12
18, 19, 15, 16, 12,  2,  0, 18, 14,  6,  7, 17, 12
20, 14,  8, 14, 16,  6,  6, 12,  4,  4,  4,  0,  2
15, 15, 18,  7, 19, 13,  8,  9,  4,  3,  6, 11,  2
18, 14, 15, 16, 16, 14,  3,  8,  5,  4,  9,  6,  4
 8,  2, 10, 10, 11, 13,  8, 10, 16,  5, 17, 19, 16
16,  6, 12,  7, 14, 10,  1, 15, 12,  7, 15, 13, 13
14, 13, 14,  8, 10,  8,  2, 10, 10,  8,  6, 10,  5
11,  6, 11, 17, 15, 13,  7, 13, 12,  4,  8,  2,  7
 8,  2,  7, 18,  2,  2,  2, 10, 12,  7, 11,  6, 14
10,  4, 10, 14,  0,  6,  4, 14, 14,  6, 18, 20, 14
12,  9, 13, 10, 10, 12,  2,  6,  3,  5, 14, 18, 10
11,  6, 15,  4, 12,  6,  2,  9,  9,  2, 15, 17, 17
14, 15, 15,  8, 15, 14,  3,  9, 18,  9, 12, 18, 14
 8, 10,  8,  8, 12,  8,  1,  9,  2,  0, 10,  4,  5
14,  6, 10,  5, 16,  9,  6,  6,  7,  2,  0,  8,  2
17,  4,  7, 17,  2,  2,  4, 15, 10,  2,  7,  2,  8
16, 19,  7, 15,  6, 10,  1, 19, 12, 13,  0,  6,  6
16,  9, 14, 14,  8,  6,  6,  7,  5,  5,  3,  0, 10
 0,  6, 13,  3, 14,  6, 10,  8,  2,  8, 10,  2,  6
 6,  8, 13, 17,  2,  7,  0, 11, 17,  6, 15,  8, 10
10,  1, 15, 12, 13, 11,  0, 15,  5,  6, 14, 10,  5
10,  8, 16, 18, 12, 12,  6,  8,  8,  4,  6, 18, 10
12,  1, 10,  6, 12, 14,  2, 13,  7,  7, 16, 15, 10
 9, 11, 11, 12,  4,  5,  0, 18, 13,  9, 15, 16, 16
 5,  3, 14, 15,  1,  2,  3, 17,  9,  8, 16, 10, 14
11,  4,  5, 15, 12,  0,  7, 13, 12, 10,  2,  6, 13
 4,  6, 16, 12, 16,  8,  0,  6, 10,  0, 18, 18, 18
18, 13, 11, 13,  9, 11,  3, 15, 18,  8, 11, 13, 17
 3,  7, 11, 14,  7,  7,  2, 14,  7, 14, 13, 18, 18
20, 12, 14, 14, 18, 12, 14, 10,  6,  4,  3, 11, 10
18,  8, 15,  9, 13,  4,  0, 12,  7,  2,  6, 20, 18
 4,  0,  6,  0,  2,  9,  4,  2,  0,  5,  8, 10,  8
10,  4,  8, 10,  6,  3,  0, 14, 18, 10, 14, 13,  5
14,  8,  4, 10, 16,  4,  0, 10, 18,  4, 10,  8,  6
 8,  9, 14, 11,  0,  5,  1, 15, 11, 11, 19, 16, 17
 4,  2, 10,  4,  8,  2,  2,  6,  4, 14, 16, 16, 14
18, 12, 19, 11, 20, 14, 12,  4,  7,  3, 11, 18, 10
16, 13,  6, 13,  1,  4,  8, 11,  8,  4,  7,  9,  9
13, 10, 13, 15, 13, 10,  9,  3, 11,  1, 13,  6,  9
 2,  4, 15,  4, 14,  2,  5,  3,  4,  9,  8, 16, 10
 5,  7,  8, 14,  3,  6,  4, 12, 10,  6,  3, 20, 15
11,  9, 13,  8, 12, 18,  2, 16,  9,  1,  9, 16, 10
17,  8, 13,  9, 13,  4,  2,  8,  6,  2,  3,  4,  9
12,  9, 16, 10, 14, 12,  6, 10, 12,  4,  7, 13, 11
 8, 11,  8,  5, 15, 10,  2, 10, 14,  4,  5,  1,  7
14, 18, 14, 14, 16,  8,  0, 10, 14,  2,  2,  2,  6
10,  0,  4,  6, 14,  2,  2,  8,  0,  1, 16, 16, 14
 6,  9, 10, 11,  4,  2,  1,  7, 12,  8, 15, 18, 20
19,  6, 20,  0, 13, 16,  5, 10,  2,  0,  8, 13,  7
